0 D 2 0 0 0 G 3 A 0 F 1 0 7 0 0
6 0 0 0 0 1 0 0 8 9 7 0 C D 0 A
0 0 0 0 0 0 0 8 0 B 0 0 0 2 4 0
0 F 0 0 0 0 4 A 0 0 2 D 0 0 G 0
C 0 0 D A G 2 5 9 F 8 6 7 0 3 E
7 0 0 0 0 8 0 0 0 0 3 2 G 0 C 0
0 0 0 F 1 3 7 0 5 4 0 A 6 0 B 2
2 0 3 0 0 B 0 C 0 7 0 G 0 9 0 0
A 0 0 B G 0 8 9 4 0 0 0 D 0 0 6
1 0 7 E 6 F 0 0 D 0 0 0 0 0 2 0
0 6 0 C 7 0 0 0 0 2 B 0 0 0 0 5
0 0 4 0 0 0 0 0 E 0 6 0 0 0 8 0
0 A 0 0 F 0 5 0 C 0 1 0 2 0 E 3
0 1 B G 0 0 E 2 7 6 0 5 0 0 A 8
0 2 E 0 B C 0 7 F 0 0 3 0 0 0 0
0 0 5 6 0 D 0 0 2 0 4 9 B F 0 7

